[[0.82227445 0.4962936  0.4962936  0.82263607 0.4962936  0.4962936
  0.4962936  0.4962936  0.4962936  0.4962936 ]
 [0.82245523 0.82137048 0.4962936  0.82372087 0.4962936  0.82462484
  0.4962936  0.4962936  0.4962936  0.4962936 ]
 [0.82209367 0.82299763 0.82317847 0.82263607 0.82281685 0.4962936
  0.82173204 0.82064724 0.4962936  0.81865847]
 [0.82299763 0.81902009 0.81703126 0.82372087 0.82534802 0.82046646
  0.82046646 0.81775445 0.82028568 0.81865847]
 [0.82191283 0.82281685 0.81811607 0.82245523 0.82046646 0.82137048
  0.81883925 0.81739289 0.81648886 0.82209367]
 [0.82191283 0.82372087 0.82317847 0.8172121  0.81413847 0.81413847
  0.81522328 0.81648886 0.4962936  0.81251132]
 [0.82281685 0.81974328 0.8121497  0.81468087 0.81413847 0.82028568
  0.81305367 0.80925691 0.82046646 0.8076297 ]
 [0.82390165 0.82570964 0.81341529 0.81594646 0.8155849  0.81522328
  0.8166697  0.81196892 0.82100886 0.80979931]
 [0.82426322 0.82118964 0.81992406 0.81395769 0.80690652 0.81251132
  0.82082808 0.8070873  0.81034172 0.8116073 ]
 [0.82498646 0.82227445 0.81323451 0.80907613 0.81540406 0.81034172
  0.80799133 0.80672574 0.80238652 0.80636412]
 [0.82155126 0.81757367 0.8105225  0.80564094 0.81070334 0.81034172
  0.80998009 0.80166334 0.81088412 0.80618334]
 [0.82263607 0.81016093 0.81576568 0.80726814 0.79515457 0.80799133
  0.80455613 0.80961853 0.79678178 0.79913217]
 [0.82191283 0.81775445 0.80455613 0.80582172 0.80437535 0.81034172
  0.80347133 0.79678178 0.81124568 0.79786658]
 [0.82046646 0.81124568 0.80383295 0.80636412 0.80419457 0.7971434
  0.80383295 0.79678178 0.80618334 0.80455613]
 [0.82173204 0.80925691 0.80636412 0.79786658 0.796601   0.80383295
  0.79967457 0.80347133 0.80075938 0.80998009]
 [0.82191283 0.81287289 0.79985535 0.79895139 0.80166334 0.80003613
  0.79786658 0.79352736 0.79913217 0.78683782]
 [0.82118964 0.81323451 0.79750496 0.796601   0.80057853 0.80238652
  0.80094016 0.79443139 0.79750496 0.79461217]
 [0.82227445 0.80365217 0.80166334 0.79840899 0.79443139 0.79551619
  0.79479301 0.787561   0.7971434  0.79678178]
 [0.81956249 0.81468087 0.80419457 0.79027301 0.80383295 0.79551619
  0.79244262 0.79461217 0.79099619 0.7971434 ]
 [0.81757367 0.80871451 0.79877055 0.79388899 0.79027301 0.78647625
  0.78828424 0.7915386  0.79171938 0.787561  ]
 [0.82263607 0.80166334 0.7915386  0.79334658 0.79985535 0.79027301
  0.78647625 0.79298502 0.78973061 0.79099619]
 [0.81920087 0.79949379 0.79895139 0.78195626 0.7915386  0.79009223
  0.7886458  0.78683782 0.78665704 0.77942508]
 [0.81829685 0.79895139 0.7886458  0.78936899 0.78828424 0.79840899
  0.78430665 0.79027301 0.78394502 0.79063463]
 [0.81522328 0.79750496 0.79244262 0.78466821 0.78466821 0.78629541
  0.78358346 0.78412586 0.79768574 0.78286022]]
[[  517.   519.   521.   523.   525.   527.   529.   531.   533.   535.]
 [ 1032.  1038.  1044.  1050.  1056.  1062.  1068.  1074.  1080.  1086.]
 [ 1547.  1559.  1571.  1583.  1595.  1607.  1619.  1631.  1643.  1655.]
 [ 2062.  2082.  2102.  2122.  2142.  2162.  2182.  2202.  2222.  2242.]
 [ 2577.  2607.  2637.  2667.  2697.  2727.  2757.  2787.  2817.  2847.]
 [ 3092.  3134.  3176.  3218.  3260.  3302.  3344.  3386.  3428.  3470.]
 [ 3607.  3663.  3719.  3775.  3831.  3887.  3943.  3999.  4055.  4111.]
 [ 4122.  4194.  4266.  4338.  4410.  4482.  4554.  4626.  4698.  4770.]
 [ 4637.  4727.  4817.  4907.  4997.  5087.  5177.  5267.  5357.  5447.]
 [ 5152.  5262.  5372.  5482.  5592.  5702.  5812.  5922.  6032.  6142.]
 [ 5667.  5799.  5931.  6063.  6195.  6327.  6459.  6591.  6723.  6855.]
 [ 6182.  6338.  6494.  6650.  6806.  6962.  7118.  7274.  7430.  7586.]
 [ 6697.  6879.  7061.  7243.  7425.  7607.  7789.  7971.  8153.  8335.]
 [ 7212.  7422.  7632.  7842.  8052.  8262.  8472.  8682.  8892.  9102.]
 [ 7727.  7967.  8207.  8447.  8687.  8927.  9167.  9407.  9647.  9887.]
 [ 8242.  8514.  8786.  9058.  9330.  9602.  9874. 10146. 10418. 10690.]
 [ 8757.  9063.  9369.  9675.  9981. 10287. 10593. 10899. 11205. 11511.]
 [ 9272.  9614.  9956. 10298. 10640. 10982. 11324. 11666. 12008. 12350.]
 [ 9787. 10167. 10547. 10927. 11307. 11687. 12067. 12447. 12827. 13207.]
 [10302. 10722. 11142. 11562. 11982. 12402. 12822. 13242. 13662. 14082.]
 [10817. 11279. 11741. 12203. 12665. 13127. 13589. 14051. 14513. 14975.]
 [11332. 11838. 12344. 12850. 13356. 13862. 14368. 14874. 15380. 15886.]
 [11847. 12399. 12951. 13503. 14055. 14607. 15159. 15711. 16263. 16815.]
 [12362. 12962. 13562. 14162. 14762. 15362. 15962. 16562. 17162. 17762.]]