[[0.73675644 0.50334477 0.50334477 0.50334477 0.50334477 0.50334477
  0.50334477 0.50334477 0.50334477 0.50334477]
 [0.73856443 0.73187488 0.50334477 0.74019164 0.73476768 0.73621404
  0.50334477 0.50334477 0.50334477 0.50334477]
 [0.73946846 0.73693728 0.73386365 0.50334477 0.73802203 0.50334477
  0.50334477 0.50334477 0.73531008 0.73585248]
 [0.74037242 0.72970527 0.73675644 0.73766047 0.7316941  0.72970527
  0.73711807 0.50334477 0.73567164 0.50334477]
 [0.73097092 0.73675644 0.7322365  0.73386365 0.72880131 0.73603326
  0.73440605 0.73494846 0.73422527 0.72410053]
 [0.73531008 0.73097092 0.72518533 0.73097092 0.73585248 0.72843969
  0.73097092 0.73802203 0.73422527 0.72970527]
 [0.72843969 0.72446215 0.73241729 0.71903813 0.7311517  0.73332131
  0.73332131 0.72645092 0.73151326 0.73097092]
 [0.7260893  0.72807813 0.72934371 0.72825891 0.72789729 0.7266317
  0.72536612 0.73133248 0.73259807 0.71415657]
 [0.73151326 0.72699332 0.72699332 0.72428131 0.72138852 0.72500449
  0.71469897 0.72410053 0.72446215 0.72337735]
 [0.72319651 0.7255469  0.73386365 0.73097092 0.72572774 0.72319651
  0.72030371 0.71994215 0.71903813 0.72789729]
 [0.72807813 0.73133248 0.72066534 0.7127102  0.71903813 0.72156936
  0.72355813 0.72627014 0.71524137 0.72175014]
 [0.73187488 0.7266317  0.72120774 0.72084612 0.71668774 0.71759176
  0.72301573 0.72428131 0.72410053 0.72843969]
 [0.7226541  0.72319651 0.72536612 0.72175014 0.72193092 0.72156936
  0.71994215 0.71777254 0.72247332 0.72391975]
 [0.71994215 0.71343338 0.72898209 0.72789729 0.72410053 0.72645092
  0.71921897 0.72156936 0.70204306 0.71614534]
 [0.72229254 0.71560299 0.71180618 0.71596456 0.69752306 0.71650696
  0.71487975 0.71795332 0.71578377 0.71234858]
 [0.71542215 0.71777254 0.71741098 0.71487975 0.72428131 0.72301573
  0.70330864 0.71777254 0.70620143 0.72681248]
 [0.71903813 0.71487975 0.72355813 0.72156936 0.71867657 0.71487975
  0.71469897 0.71198696 0.70602059 0.72355813]
 [0.71144456 0.70999819 0.71198696 0.71994215 0.70638222 0.71578377
  0.72012293 0.71795332 0.71668774 0.71126378]
 [0.7071054  0.7087326  0.7127102  0.71542215 0.71487975 0.70945579
  0.71795332 0.7071054  0.71234858 0.69734228]
 [0.71813416 0.71415657 0.70800942 0.71289098 0.70728618 0.71686858
  0.71234858 0.72301573 0.7025854  0.71307176]
 [0.71994215 0.71090221 0.7116254  0.70529741 0.70855182 0.70168144
  0.71686858 0.71524137 0.69463027 0.71542215]
 [0.71072137 0.70981741 0.71578377 0.7081902  0.70963657 0.70891339
  0.7071054  0.71524137 0.72355813 0.71397579]
 [0.71831495 0.71072137 0.71433735 0.69716144 0.70547819 0.71958053
  0.71234858 0.7036702  0.70565903 0.70945579]
 [0.71885735 0.70421261 0.70186222 0.70511663 0.70728618 0.7071054
  0.71921897 0.71252936 0.70620143 0.7127102 ]
 [0.71234858 0.71144456 0.7071054  0.71849573 0.71741098 0.69716144
  0.71614534 0.70602059 0.70891339 0.7116254 ]
 [0.71469897 0.70475501 0.70059663 0.70963657 0.70457423 0.69770384
  0.70583981 0.70999819 0.68450552 0.70638222]
 [0.71795332 0.70475501 0.70674384 0.70330864 0.69408786 0.706563
  0.70240462 0.7121678  0.70457423 0.69354546]
 [0.70692462 0.70800942 0.70927501 0.70059663 0.71035981 0.70583981
  0.71379495 0.70620143 0.71072137 0.70131981]
 [0.71487975 0.69969267 0.71017897 0.70674384 0.71379495 0.70439345
  0.70385104 0.70294702 0.7132526  0.70276624]
 [0.70837098 0.70963657 0.69679987 0.7076478  0.69571507 0.70602059
  0.69390708 0.70837098 0.71632618 0.69661903]
 [0.71108299 0.70059663 0.70276624 0.69824624 0.70728618 0.70583981
  0.7121678  0.70529741 0.70728618 0.71198696]
 [0.71090221 0.70204306 0.69101429 0.70077741 0.69951183 0.70891339
  0.7116254  0.69969267 0.69987345 0.70855182]
 [0.70638222 0.69661903 0.70511663 0.6892063  0.69426864 0.70891339
  0.7025854  0.68938708 0.70945579 0.71017897]
 [0.71469897 0.70565903 0.7036702  0.69643825 0.70638222 0.71090221
  0.69426864 0.70909417 0.7087326  0.69951183]
 [0.71035981 0.69788468 0.69607663 0.69896942 0.69625747 0.70963657
  0.70493579 0.69137585 0.71469897 0.70602059]
 [0.70385104 0.706563   0.70276624 0.6931839  0.7025854  0.70348942
  0.7071054  0.71108299 0.69643825 0.71108299]
 [0.70529741 0.69752306 0.69463027 0.70005423 0.70041585 0.6892063
  0.70855182 0.70999819 0.70131981 0.70837098]
 [0.69806546 0.70005423 0.70529741 0.70041585 0.70222384 0.69860786
  0.70746702 0.7081902  0.70475501 0.70891339]
 [0.69553429 0.69770384 0.69589585 0.68595189 0.70385104 0.69933105
  0.70150065 0.7081902  0.7031278  0.69716144]
 [0.69770384 0.70493579 0.69679987 0.69354546 0.6886639  0.69571507
  0.70547819 0.71252936 0.70728618 0.7025854 ]
 [0.69571507 0.69047189 0.69806546 0.68486708 0.69625747 0.70475501
  0.71506059 0.70800942 0.69770384 0.71542215]
 [0.71180618 0.69444948 0.68775988 0.69643825 0.69119507 0.70113903
  0.69354546 0.7081902  0.69860786 0.70168144]
 [0.69734228 0.69698066 0.69734228 0.69969267 0.69282228 0.7081902
  0.70005423 0.70204306 0.69878864 0.70999819]
 [0.71072137 0.70240462 0.69372624 0.70059663 0.68667513 0.70565903
  0.69752306 0.70095825 0.70186222 0.70276624]
 [0.71307176 0.68342072 0.69282228 0.69517267 0.69282228 0.71234858
  0.7076478  0.68721747 0.69933105 0.68884468]
 [0.69137585 0.70186222 0.69155669 0.6892063  0.69354546 0.68902552
  0.69951183 0.69589585 0.69806546 0.6897487 ]
 [0.69860786 0.69173747 0.68992949 0.70095825 0.69209909 0.70782858
  0.69426864 0.70981741 0.70800942 0.69101429]
 [0.70059663 0.68794072 0.69083351 0.69589585 0.69173747 0.7116254
  0.69535345 0.69643825 0.68540949 0.70204306]
 [0.70294702 0.69806546 0.69047189 0.6897487  0.7087326  0.69209909
  0.70240462 0.69300306 0.69372624 0.69878864]
 [0.69987345 0.69426864 0.69191825 0.68884468 0.69915026 0.6931839
  0.69770384 0.69047189 0.69246066 0.68884468]
 [0.70023501 0.68486708 0.68504792 0.68703669 0.69354546 0.70150065
  0.67673117 0.71759176 0.68956786 0.69698066]
 [0.70583981 0.69336468 0.6886639  0.69246066 0.69643825 0.71234858
  0.69282228 0.69191825 0.70529741 0.70493579]
 [0.69173747 0.69390708 0.68559033 0.68938708 0.71144456 0.70204306
  0.68685591 0.70547819 0.69065267 0.6892063 ]
 [0.69788468 0.69101429 0.69101429 0.69282228 0.70692462 0.69752306
  0.69625747 0.69354546 0.7127102  0.70493579]
 [0.70529741 0.69625747 0.68034714 0.68631351 0.69535345 0.70150065
  0.69806546 0.70005423 0.69354546 0.69535345]
 [0.71108299 0.69770384 0.6841439  0.69011027 0.69860786 0.69209909
  0.69246066 0.69589585 0.68884468 0.69517267]
 [0.70095825 0.68233591 0.6875791  0.68902552 0.67655033 0.70168144
  0.7081902  0.68902552 0.68342072 0.69824624]
 [0.69209909 0.69408786 0.69300306 0.67655033 0.69716144 0.69951183
  0.70602059 0.69806546 0.69155669 0.70800942]
 [0.69408786 0.68649429 0.66823357 0.67835832 0.67908156 0.70620143
  0.70113903 0.70150065 0.69969267 0.70131981]
 [0.69246066 0.6846863  0.68884468 0.68667513 0.68052793 0.70511663
  0.67456156 0.69517267 0.69770384 0.68269753]
 [0.69716144 0.68342072 0.68721747 0.68269753 0.69987345 0.70294702
  0.71054059 0.69083351 0.69354546 0.70077741]
 [0.6897487  0.69209909 0.68522871 0.69698066 0.70529741 0.69463027
  0.69481105 0.68287832 0.70348942 0.69354546]
 [0.6892063  0.6881215  0.69571507 0.69029111 0.69734228 0.70421261
  0.70005423 0.70294702 0.69282228 0.70204306]
 [0.69679987 0.6897487  0.67727357 0.7036702  0.7081902  0.69842702
  0.71144456 0.68649429 0.69824624 0.69227988]]
[[  521.   523.   525.   527.   529.   531.   533.   535.   537.   539.]
 [ 1040.  1046.  1052.  1058.  1064.  1070.  1076.  1082.  1088.  1094.]
 [ 1559.  1571.  1583.  1595.  1607.  1619.  1631.  1643.  1655.  1667.]
 [ 2078.  2098.  2118.  2138.  2158.  2178.  2198.  2218.  2238.  2258.]
 [ 2597.  2627.  2657.  2687.  2717.  2747.  2777.  2807.  2837.  2867.]
 [ 3116.  3158.  3200.  3242.  3284.  3326.  3368.  3410.  3452.  3494.]
 [ 3635.  3691.  3747.  3803.  3859.  3915.  3971.  4027.  4083.  4139.]
 [ 4154.  4226.  4298.  4370.  4442.  4514.  4586.  4658.  4730.  4802.]
 [ 4673.  4763.  4853.  4943.  5033.  5123.  5213.  5303.  5393.  5483.]
 [ 5192.  5302.  5412.  5522.  5632.  5742.  5852.  5962.  6072.  6182.]
 [ 5711.  5843.  5975.  6107.  6239.  6371.  6503.  6635.  6767.  6899.]
 [ 6230.  6386.  6542.  6698.  6854.  7010.  7166.  7322.  7478.  7634.]
 [ 6749.  6931.  7113.  7295.  7477.  7659.  7841.  8023.  8205.  8387.]
 [ 7268.  7478.  7688.  7898.  8108.  8318.  8528.  8738.  8948.  9158.]
 [ 7787.  8027.  8267.  8507.  8747.  8987.  9227.  9467.  9707.  9947.]
 [ 8306.  8578.  8850.  9122.  9394.  9666.  9938. 10210. 10482. 10754.]
 [ 8825.  9131.  9437.  9743. 10049. 10355. 10661. 10967. 11273. 11579.]
 [ 9344.  9686. 10028. 10370. 10712. 11054. 11396. 11738. 12080. 12422.]
 [ 9863. 10243. 10623. 11003. 11383. 11763. 12143. 12523. 12903. 13283.]
 [10382. 10802. 11222. 11642. 12062. 12482. 12902. 13322. 13742. 14162.]
 [10901. 11363. 11825. 12287. 12749. 13211. 13673. 14135. 14597. 15059.]
 [11420. 11926. 12432. 12938. 13444. 13950. 14456. 14962. 15468. 15974.]
 [11939. 12491. 13043. 13595. 14147. 14699. 15251. 15803. 16355. 16907.]
 [12458. 13058. 13658. 14258. 14858. 15458. 16058. 16658. 17258. 17858.]
 [12977. 13627. 14277. 14927. 15577. 16227. 16877. 17527. 18177. 18827.]
 [13496. 14198. 14900. 15602. 16304. 17006. 17708. 18410. 19112. 19814.]
 [14015. 14771. 15527. 16283. 17039. 17795. 18551. 19307. 20063. 20819.]
 [14534. 15346. 16158. 16970. 17782. 18594. 19406. 20218. 21030. 21842.]
 [15053. 15923. 16793. 17663. 18533. 19403. 20273. 21143. 22013. 22883.]
 [15572. 16502. 17432. 18362. 19292. 20222. 21152. 22082. 23012. 23942.]
 [16091. 17083. 18075. 19067. 20059. 21051. 22043. 23035. 24027. 25019.]
 [16610. 17666. 18722. 19778. 20834. 21890. 22946. 24002. 25058. 26114.]
 [17129. 18251. 19373. 20495. 21617. 22739. 23861. 24983. 26105. 27227.]
 [17648. 18838. 20028. 21218. 22408. 23598. 24788. 25978. 27168. 28358.]
 [18167. 19427. 20687. 21947. 23207. 24467. 25727. 26987. 28247. 29507.]
 [18686. 20018. 21350. 22682. 24014. 25346. 26678. 28010. 29342. 30674.]
 [19205. 20611. 22017. 23423. 24829. 26235. 27641. 29047. 30453. 31859.]
 [19724. 21206. 22688. 24170. 25652. 27134. 28616. 30098. 31580. 33062.]
 [20243. 21803. 23363. 24923. 26483. 28043. 29603. 31163. 32723. 34283.]
 [20762. 22402. 24042. 25682. 27322. 28962. 30602. 32242. 33882. 35522.]
 [21281. 23003. 24725. 26447. 28169. 29891. 31613. 33335. 35057. 36779.]
 [21800. 23606. 25412. 27218. 29024. 30830. 32636. 34442. 36248. 38054.]
 [22319. 24211. 26103. 27995. 29887. 31779. 33671. 35563. 37455. 39347.]
 [22838. 24818. 26798. 28778. 30758. 32738. 34718. 36698. 38678. 40658.]
 [23357. 25427. 27497. 29567. 31637. 33707. 35777. 37847. 39917. 41987.]
 [23876. 26038. 28200. 30362. 32524. 34686. 36848. 39010. 41172. 43334.]
 [24395. 26651. 28907. 31163. 33419. 35675. 37931. 40187. 42443. 44699.]
 [24914. 27266. 29618. 31970. 34322. 36674. 39026. 41378. 43730. 46082.]
 [25433. 27883. 30333. 32783. 35233. 37683. 40133. 42583. 45033. 47483.]
 [25952. 28502. 31052. 33602. 36152. 38702. 41252. 43802. 46352. 48902.]
 [26471. 29123. 31775. 34427. 37079. 39731. 42383. 45035. 47687. 50339.]
 [26990. 29746. 32502. 35258. 38014. 40770. 43526. 46282. 49038. 51794.]
 [27509. 30371. 33233. 36095. 38957. 41819. 44681. 47543. 50405. 53267.]
 [28028. 30998. 33968. 36938. 39908. 42878. 45848. 48818. 51788. 54758.]
 [28547. 31627. 34707. 37787. 40867. 43947. 47027. 50107. 53187. 56267.]
 [29066. 32258. 35450. 38642. 41834. 45026. 48218. 51410. 54602. 57794.]
 [29585. 32891. 36197. 39503. 42809. 46115. 49421. 52727. 56033. 59339.]
 [30104. 33526. 36948. 40370. 43792. 47214. 50636. 54058. 57480. 60902.]
 [30623. 34163. 37703. 41243. 44783. 48323. 51863. 55403. 58943. 62483.]
 [31142. 34802. 38462. 42122. 45782. 49442. 53102. 56762. 60422. 64082.]
 [31661. 35443. 39225. 43007. 46789. 50571. 54353. 58135. 61917. 65699.]
 [32180. 36086. 39992. 43898. 47804. 51710. 55616. 59522. 63428. 67334.]
 [32699. 36731. 40763. 44795. 48827. 52859. 56891. 60923. 64955. 68987.]
 [33218. 37378. 41538. 45698. 49858. 54018. 58178. 62338. 66498. 70658.]]
[[ 0.38121438 -0.07496169 -0.07496169 -0.07496169 -0.07496169 -0.07496169
  -0.07496169 -0.07496169 -0.07496169 -0.07496169]
 [ 0.38686269  0.54953156 -0.07496169  0.32959605  0.47280504  0.42151958
  -0.07496169 -0.07496169 -0.07496169 -0.07496169]
 [ 0.41798916  0.55328261  0.56342365 -0.07496169  0.47173953 -0.07496169
  -0.07496169 -0.07496169  0.43405513  0.47946806]
 [ 0.41067119  0.72349895  0.52800651  0.62287158  0.63473514  0.85146696
   0.54988702 -0.07496169  0.57928485 -0.07496169]
 [ 0.7987132   0.61635493  0.78436612  0.72095542  1.01686557  0.61024806
   0.77667089  0.70228294  0.68553109  0.81251958]
 [ 0.67286665  0.77835573  0.9847621   0.98548858  0.75510396  0.59256644
   0.88101358  0.61079373  0.87097576  0.86127104]
 [ 0.96299706  1.01449483  0.63706023  1.14430914  0.88827115  0.72348173
   0.82174962  1.10281862  0.93612004  0.8107812 ]
 [ 1.05271847  1.09366688  0.92679118  1.02525849  1.10605162  1.07835721
   1.05455669  0.83279101  0.86085234  1.21703612]
 [ 0.95885783  1.1694745   1.04834052  1.13839707  1.18012101  1.21077639
   1.36923602  1.06851019  1.15174096  1.20233287]
 [ 1.29260693  1.07013326  0.94676524  1.23739681  1.38695523  1.3783284
   1.35132045  1.28378449  1.35582532  1.19256271]
 [ 1.21741527  1.11488669  1.31989388  1.5173676   1.4011639   1.31048273
   1.39844967  1.2151905   1.44612872  1.38753158]
 [ 1.10194109  1.31584266  1.4640192   1.51531026  1.60728466  1.65742486
   1.469031    1.3208836   1.30212393  1.44912048]
 [ 1.41843158  1.55963168  1.44683535  1.44066576  1.66390775  1.3960746
   1.67614089  1.79152657  1.44447121  1.48871834]
 [ 1.64560806  1.6881619   1.37733123  1.59707758  1.23618331  1.56829142
   1.48426408  1.56184809  1.83140365  1.8368755 ]
 [ 1.50477939  1.663622    1.88067322  1.97710474  2.03203405  1.5558976
   1.72192362  1.54694296  1.80961494  1.73600917]
 [ 1.82052858  1.8290082   1.89126183  1.86283628  1.84925616  1.67151153
   2.05156807  1.73653496  2.09659294  1.54035663]
 [ 1.61511554  1.94234502  1.70334549  1.70782095  1.77487554  1.83460171
   1.82480259  1.80074931  2.09971127  1.55854597]
 [ 1.92961306  2.051587    2.09139534  1.90150672  2.17352795  1.79435844
   2.13093072  1.83885461  1.88858238  1.94113958]
 [ 2.1610859   2.06508231  1.90757211  2.06183288  2.04434005  2.13435136
   2.07878947  2.09318595  1.98944291  2.26378908]
 [ 1.77905727  1.96489034  2.23354337  2.12872816  2.40040351  2.13003963
   2.12197077  1.83216642  1.98464779  1.88373195]
 [ 2.00557504  2.41362322  2.34398935  2.44507043  2.24263885  2.42519245
   2.20972598  2.16899431  2.4928945   1.99038207]
 [ 2.28769143  2.33479329  2.27105206  2.35723391  2.33788887  2.30559673
   2.48914068  2.09652118  1.93851455  2.2572538 ]
 [ 2.15760765  2.35560092  2.39758693  2.62436417  2.76499542  2.34977771
   2.47198636  2.3560878   2.45817267  2.47159266]
 [ 2.28575063  2.55059247  2.64205415  2.65058107  2.70104326  2.50382877
   2.10398624  2.45257663  2.34430929  2.37341689]
 [ 2.29526326  2.53250252  2.65582762  2.23207659  2.33166058  2.66582343
   2.47974175  2.65161249  2.45837644  2.35172308]
 [ 2.37351664  2.73511913  2.87642996  2.60990243  2.73349578  2.7645103
   2.60734558  2.56640501  2.87397856  2.3896463 ]
 [ 2.3909894   2.83095799  2.70940653  2.63386735  2.8613074   2.66110016
   2.73350351  2.3888978   2.7303856   2.93597576]
 [ 2.70635922  2.74425539  2.71120601  2.83756655  2.71167781  2.64457411
   2.5471376   2.73802159  2.58840183  2.77499539]
 [ 2.60385568  2.98266082  2.74213575  2.75150534  2.69995108  2.60625609
   2.77520945  2.9041689   2.63458026  2.47809683]
 [ 2.74832845  2.91155296  3.20114391  2.85836674  3.13065467  2.76445127
   2.82349467  2.90517062  2.58792477  2.81048242]
 [ 2.69633915  3.08497204  3.00029646  3.04574044  2.78768584  3.0033013
   2.73449279  2.91339153  2.91624141  2.79650484]
 [ 2.8793183   3.07980637  3.40771659  3.16919489  3.10139672  2.91183633
   2.63474856  3.06393389  2.95157557  2.71402537]
 [ 2.93920703  3.29131936  3.0129862   3.38405251  3.39843101  2.80340399
   2.91021184  3.0839173   2.76058398  2.81274722]
 [ 2.89236904  3.19910269  3.17577102  3.31790984  2.88583843  2.92983548
   3.17878225  2.83881863  2.94479813  2.65392604]
 [ 2.8907729   3.30594424  3.50406096  3.10098661  3.31537044  2.91785879
   2.95393402  3.18913472  2.71772173  3.14635576]
 [ 3.22183943  3.27082778  3.2864924   3.45088151  3.20081853  2.91307919
   2.92004977  2.88733153  3.31948583  2.77397709]
 [ 3.14013449  3.47408153  3.63333472  3.31449251  3.36559001  3.48128312
   3.14486776  2.9765568   3.13818297  3.09944965]
 [ 3.17395932  3.48122499  3.40018302  3.41323357  3.2819495   3.17126981
   3.09465171  2.68969101  3.19106202  3.1277506 ]
 [ 3.4503412   3.55145437  3.55068512  3.76850284  3.2583034   3.26556776
   3.38908845  3.16754873  3.1294964   3.14580864]
 [ 3.36655383  3.53357543  3.41221738  3.62073794  3.61299423  3.40391162
   3.25290843  2.99214322  3.05731244  2.9375579 ]
 [ 3.50679098  3.83227583  3.61659096  3.80347735  3.4408803   3.13726203
   3.04467077  3.12686481  3.25929014  2.90087484]
 [ 3.24104105  3.79126003  3.9207299   3.48625483  3.59552418  3.32674768
   3.42919509  3.01776934  3.32957637  3.35274556]
 [ 3.56611024  3.8848232   3.71319456  3.75877591  3.70489707  3.11196762
   3.41359538  3.25721237  3.4105206   3.15908924]
 [ 3.17980368  3.69875448  3.74132717  3.63472895  3.68874656  3.45191108
   3.31820051  3.42900542  3.35215818  3.38981861]
 [ 3.53915266  4.17705058  3.86162553  3.66916961  3.51837905  3.200835
   3.48930204  3.66493337  3.35328718  3.57454728]
 [ 3.71082422  3.6752968   4.06800745  3.96714476  3.58182782  3.72586685
   3.55469411  3.71259074  3.40968828  3.54877727]
 [ 3.68385972  3.99487558  4.11261453  3.8102264   3.92868992  3.21569511
   3.4544466   3.44898377  3.35566671  3.61509079]
 [ 3.71191791  4.12338865  4.08118979  3.91115635  3.7814855   3.44037046
   3.40510108  3.57446194  3.85501309  3.21846768]
 [ 3.79515207  4.07770626  4.22071758  3.92314258  3.52805547  3.83080966
   3.55236375  3.52491776  3.59793684  3.72027697]
 [ 3.77763155  4.09761597  4.09540625  3.98258158  3.4284028   3.93700524
   3.62806413  3.60491824  3.6074161   3.58164468]
 [ 3.79763516  4.22810941  4.15911605  4.04449366  3.88049469  3.69566144
   3.69309929  3.25009475  3.87482759  3.68300093]
 [ 3.7054004   4.21299036  4.17892441  3.97843688  3.8346856   3.41478283
   3.7064917   3.56475477  3.50999381  3.54000686]
 [ 4.02794861  4.22069647  4.15528655  3.94499002  3.49753406  3.59114346
   4.08435292  3.4701089   3.81817566  3.55998319]
 [ 3.85815372  4.39013842  4.16739978  4.02107192  3.64890243  3.61741859
   3.75802608  3.73786128  3.46225959  3.46294222]
 [ 3.88428323  4.09108123  4.43336306  4.11635827  3.86666458  3.82334697
   3.61739009  3.60826002  3.70752816  3.85941766]
 [ 3.81082437  4.16194814  4.32048342  4.17775032  3.80129562  3.95845892
   3.98892007  3.72540066  3.99863927  3.6723626 ]
 [ 4.14297031  4.52144535  4.32198437  4.01100363  4.09123989  3.59060839
   3.59431721  3.98288929  3.82289517  3.49563804]
 [ 4.18017797  4.40491136  4.12025557  4.58587661  3.89403464  3.82627407
   3.46204015  3.68303083  4.1181953   3.60859597]
 [ 4.32839888  4.37907831  4.80624862  4.40423304  4.31054486  3.71090433
   3.77576293  3.75294812  3.83063578  3.6366342 ]
 [ 4.20861437  4.52114528  4.22629921  4.27783922  4.30202398  3.49768673
   4.16203096  3.82051282  3.8982486   4.23847951]
 [ 4.22713716  4.71765888  4.13897467  4.20789109  4.07825884  3.57964287
   3.5212025   3.99487521  4.14004976  3.8115255 ]
 [ 4.42653355  4.61486442  4.38039641  3.98115158  3.87856377  3.93956946
   4.01915792  3.91409342  4.02295896  4.11078639]
 [ 4.42280129  4.42519785  4.29606402  4.15621975  4.01352388  3.92785681
   4.01246038  3.74735107  3.99199569  3.82108723]
 [ 4.26572547  4.54085384  4.42063439  3.9194079   3.80747519  3.80421455
   3.80253403  4.04917299  3.75639336  4.22045378]]