[[0.76532274 0.76496112 0.50768399 0.50768399 0.50768399 0.50768399
  0.50768399 0.50768399 0.50768399 0.50768399]
 [0.76242995 0.50768399 0.76478034 0.75971794 0.50768399 0.76224911
  0.50768399 0.76098353 0.50768399 0.50768399]
 [0.76279151 0.76261073 0.76098353 0.76098353 0.76496112 0.75718677
  0.76351476 0.50768399 0.50768399 0.50768399]
 [0.76369554 0.75845236 0.76206833 0.76007956 0.75899476 0.50768399
  0.75592119 0.50768399 0.50768399 0.50768399]
 [0.76062196 0.76351476 0.76242995 0.76604593 0.50768399 0.76134515
  0.76098353 0.75971794 0.50768399 0.75989878]
 [0.76080275 0.75284761 0.75501716 0.76007956 0.76206833 0.76044112
  0.76080275 0.50768399 0.76134515 0.50768399]
 [0.76532274 0.76351476 0.76206833 0.75881398 0.75917554 0.50768399
  0.76206833 0.50768399 0.76315314 0.76224911]
 [0.76152593 0.76188755 0.75772917 0.76170677 0.75989878 0.75953716
  0.75736755 0.75284761 0.50768399 0.7546556 ]
 [0.76152593 0.76007956 0.75754839 0.76261073 0.76441872 0.76007956
  0.75881398 0.75809073 0.76333392 0.76242995]
 [0.76242995 0.76044112 0.75646359 0.76116437 0.74995482 0.76026034
  0.75809073 0.75320917 0.76152593 0.75537878]
 [0.76026034 0.76279151 0.76188755 0.76387632 0.76007956 0.75772917
  0.76224911 0.75664437 0.76206833 0.76080275]
 [0.75989878 0.76351476 0.76007956 0.75682515 0.76044112 0.76333392
  0.75628275 0.76080275 0.75320917 0.75320917]
 [0.75881398 0.75664437 0.7535708  0.76007956 0.75682515 0.75700599
  0.76152593 0.75881398 0.75700599 0.75230521]
 [0.76261073 0.75809073 0.75754839 0.76333392 0.75284761 0.75338995
  0.75537878 0.76152593 0.75682515 0.75935638]
 [0.75953716 0.76297235 0.76242995 0.75610197 0.75953716 0.76188755
  0.76568431 0.75809073 0.76242995 0.76387632]
 [0.76026034 0.76044112 0.75718677 0.75917554 0.75176281 0.76116437
  0.75501716 0.76116437 0.75537878 0.7546556 ]
 [0.76423794 0.76152593 0.76297235 0.74850839 0.75809073 0.75682515
  0.75736755 0.75501716 0.76676911 0.75989878]
 [0.76297235 0.76098353 0.75375158 0.76007956 0.75827157 0.75302839
  0.76098353 0.74995482 0.76206833 0.75682515]
 [0.76622671 0.76188755 0.76152593 0.75338995 0.75772917 0.75447476
  0.76496112 0.76333392 0.75700599 0.75827157]
 [0.76261073 0.75212437 0.75971794 0.76242995 0.75664437 0.75447476
  0.74995482 0.75736755 0.7541132  0.76387632]
 [0.76279151 0.75953716 0.75899476 0.75917554 0.75212437 0.75917554
  0.75772917 0.7651419  0.74887002 0.75700599]
 [0.76152593 0.75320917 0.75140119 0.76062196 0.76044112 0.7546556
  0.75664437 0.75212437 0.75537878 0.75537878]
 [0.75809073 0.75302839 0.75393236 0.75790995 0.75049722 0.75628275
  0.75754839 0.74796599 0.75989878 0.75881398]
 [0.76026034 0.76369554 0.75230521 0.75809073 0.75899476 0.74597722
  0.75953716 0.75501716 0.7546556  0.75302839]
 [0.76369554 0.76080275 0.75736755 0.75827157 0.75085878 0.75989878
  0.76658833 0.75917554 0.75881398 0.76224911]
 [0.75971794 0.74923158 0.76080275 0.75483638 0.74778521 0.74778521
  0.7546556  0.75845236 0.76731151 0.74923158]
 [0.75827157 0.75646359 0.75989878 0.75736755 0.75646359 0.76116437
  0.75483638 0.75863314 0.76387632 0.76188755]
 [0.75610197 0.76098353 0.75935638 0.73766047 0.76134515 0.74688119
  0.75935638 0.76658833 0.75194359 0.76152593]
 [0.76297235 0.75664437 0.755198   0.75320917 0.75754839 0.75483638
  0.75049722 0.73585248 0.76387632 0.75935638]
 [0.76333392 0.75790995 0.74868923 0.75592119 0.76224911 0.75085878
  0.7495932  0.76044112 0.75610197 0.76098353]
 [0.76206833 0.74073404 0.75085878 0.75031638 0.75194359 0.75447476
  0.75230521 0.75555956 0.75158197 0.76044112]
 [0.76026034 0.75248599 0.75429398 0.7546556  0.74127644 0.75194359
  0.76206833 0.74887002 0.75700599 0.74199963]
 [0.75122041 0.75718677 0.75140119 0.73964924 0.7501356  0.76188755
  0.75646359 0.7456156  0.75122041 0.75140119]
 [0.75158197 0.75700599 0.74850839 0.75592119 0.75248599 0.75592119
  0.75140119 0.76116437 0.76007956 0.75375158]
 [0.75917554 0.75284761 0.75085878 0.74923158 0.75827157 0.75646359
  0.75212437 0.7490508  0.75989878 0.75809073]
 [0.76333392 0.75628275 0.75176281 0.7450732  0.73946846 0.75194359
  0.75320917 0.75320917 0.75917554 0.75736755]
 [0.75754839 0.74887002 0.74055326 0.74977398 0.74724281 0.74941242
  0.74688119 0.74525404 0.74435002 0.75845236]
 [0.75429398 0.75266677 0.74778521 0.74796599 0.75248599 0.75592119
  0.75266677 0.755198   0.75266677 0.75320917]
 [0.76098353 0.75610197 0.75230521 0.74724281 0.75881398 0.75754839
  0.75682515 0.755198   0.76080275 0.75989878]
 [0.75031638 0.75845236 0.75555956 0.7535708  0.73639488 0.75574034
  0.74923158 0.75718677 0.75953716 0.74344605]
 [0.76134515 0.76007956 0.75375158 0.74127644 0.73097092 0.74760443
  0.75772917 0.75718677 0.75555956 0.75736755]
 [0.75718677 0.74796599 0.74688119 0.75483638 0.74290365 0.75718677
  0.75574034 0.74489242 0.76080275 0.74380761]
 [0.74579644 0.7535708  0.75935638 0.73766047 0.7541132  0.75320917
  0.75646359 0.73675644 0.75212437 0.75266677]
 [0.746158   0.75429398 0.74814683 0.7445308  0.7351293  0.75194359
  0.75176281 0.75881398 0.75320917 0.76116437]
 [0.75989878 0.7535708  0.75772917 0.75501716 0.746158   0.75718677
  0.75809073 0.74073404 0.74308443 0.75302839]
 [0.75610197 0.75085878 0.74055326 0.76062196 0.76170677 0.75302839
  0.75555956 0.74868923 0.75628275 0.75140119]
 [0.75302839 0.75501716 0.74380761 0.75212437 0.74579644 0.73133248
  0.74380761 0.72880131 0.76044112 0.75574034]
 [0.75736755 0.75122041 0.74398845 0.76116437 0.74742359 0.75031638
  0.74633884 0.75429398 0.75646359 0.76152593]
 [0.75989878 0.74814683 0.74651963 0.74832761 0.74091482 0.74091482
  0.746158   0.7445308  0.74633884 0.75610197]
 [0.75790995 0.75790995 0.72319651 0.7450732  0.74290365 0.73747969
  0.7546556  0.7546556  0.76026034 0.75176281]
 [0.75881398 0.75248599 0.74326521 0.72373891 0.74543482 0.74489242
  0.74416924 0.75827157 0.75610197 0.75664437]
 [0.74742359 0.75483638 0.74109566 0.75122041 0.74651963 0.74832761
  0.75646359 0.7351293  0.75682515 0.75664437]
 [0.75935638 0.72988611 0.75700599 0.74923158 0.72337735 0.75248599
  0.75700599 0.75772917 0.75248599 0.75736755]
 [0.75664437 0.75302839 0.74308443 0.75085878 0.74941242 0.73024768
  0.74362683 0.74597722 0.74380761 0.75989878]
 [0.74923158 0.74543482 0.75248599 0.750678   0.75194359 0.76116437
  0.75375158 0.7501356  0.75375158 0.75212437]
 [0.7495932  0.75809073 0.74236125 0.75393236 0.7541132  0.75248599
  0.74832761 0.75610197 0.75483638 0.75736755]
 [0.76423794 0.75140119 0.74778521 0.73024768 0.74868923 0.75158197
  0.75700599 0.76279151 0.75085878 0.755198  ]
 [0.75845236 0.75176281 0.74435002 0.71632618 0.75574034 0.76297235
  0.75302839 0.75302839 0.75140119 0.74597722]
 [0.75772917 0.73983008 0.73585248 0.750678   0.74887002 0.73585248
  0.75646359 0.75375158 0.75664437 0.74941242]
 [0.75664437 0.73820287 0.74019164 0.75537878 0.74308443 0.73549086
  0.73693728 0.74435002 0.7535708  0.74543482]
 [0.75176281 0.7495932  0.73856443 0.74416924 0.73675644 0.75194359
  0.75971794 0.75266677 0.75736755 0.76261073]
 [0.75447476 0.75971794 0.73603326 0.75176281 0.75592119 0.75049722
  0.75700599 0.74254203 0.75176281 0.76297235]
 [0.75483638 0.7226541  0.7535708  0.73928767 0.74145722 0.75863314
  0.75971794 0.7495932  0.75447476 0.75103962]
 [0.75501716 0.74037242 0.74868923 0.75501716 0.73350209 0.73458689
  0.74796599 0.75302839 0.75122041 0.75537878]]
[[  521.   523.   525.   527.   529.   531.   533.   535.   537.   539.]
 [ 1040.  1046.  1052.  1058.  1064.  1070.  1076.  1082.  1088.  1094.]
 [ 1559.  1571.  1583.  1595.  1607.  1619.  1631.  1643.  1655.  1667.]
 [ 2078.  2098.  2118.  2138.  2158.  2178.  2198.  2218.  2238.  2258.]
 [ 2597.  2627.  2657.  2687.  2717.  2747.  2777.  2807.  2837.  2867.]
 [ 3116.  3158.  3200.  3242.  3284.  3326.  3368.  3410.  3452.  3494.]
 [ 3635.  3691.  3747.  3803.  3859.  3915.  3971.  4027.  4083.  4139.]
 [ 4154.  4226.  4298.  4370.  4442.  4514.  4586.  4658.  4730.  4802.]
 [ 4673.  4763.  4853.  4943.  5033.  5123.  5213.  5303.  5393.  5483.]
 [ 5192.  5302.  5412.  5522.  5632.  5742.  5852.  5962.  6072.  6182.]
 [ 5711.  5843.  5975.  6107.  6239.  6371.  6503.  6635.  6767.  6899.]
 [ 6230.  6386.  6542.  6698.  6854.  7010.  7166.  7322.  7478.  7634.]
 [ 6749.  6931.  7113.  7295.  7477.  7659.  7841.  8023.  8205.  8387.]
 [ 7268.  7478.  7688.  7898.  8108.  8318.  8528.  8738.  8948.  9158.]
 [ 7787.  8027.  8267.  8507.  8747.  8987.  9227.  9467.  9707.  9947.]
 [ 8306.  8578.  8850.  9122.  9394.  9666.  9938. 10210. 10482. 10754.]
 [ 8825.  9131.  9437.  9743. 10049. 10355. 10661. 10967. 11273. 11579.]
 [ 9344.  9686. 10028. 10370. 10712. 11054. 11396. 11738. 12080. 12422.]
 [ 9863. 10243. 10623. 11003. 11383. 11763. 12143. 12523. 12903. 13283.]
 [10382. 10802. 11222. 11642. 12062. 12482. 12902. 13322. 13742. 14162.]
 [10901. 11363. 11825. 12287. 12749. 13211. 13673. 14135. 14597. 15059.]
 [11420. 11926. 12432. 12938. 13444. 13950. 14456. 14962. 15468. 15974.]
 [11939. 12491. 13043. 13595. 14147. 14699. 15251. 15803. 16355. 16907.]
 [12458. 13058. 13658. 14258. 14858. 15458. 16058. 16658. 17258. 17858.]
 [12977. 13627. 14277. 14927. 15577. 16227. 16877. 17527. 18177. 18827.]
 [13496. 14198. 14900. 15602. 16304. 17006. 17708. 18410. 19112. 19814.]
 [14015. 14771. 15527. 16283. 17039. 17795. 18551. 19307. 20063. 20819.]
 [14534. 15346. 16158. 16970. 17782. 18594. 19406. 20218. 21030. 21842.]
 [15053. 15923. 16793. 17663. 18533. 19403. 20273. 21143. 22013. 22883.]
 [15572. 16502. 17432. 18362. 19292. 20222. 21152. 22082. 23012. 23942.]
 [16091. 17083. 18075. 19067. 20059. 21051. 22043. 23035. 24027. 25019.]
 [16610. 17666. 18722. 19778. 20834. 21890. 22946. 24002. 25058. 26114.]
 [17129. 18251. 19373. 20495. 21617. 22739. 23861. 24983. 26105. 27227.]
 [17648. 18838. 20028. 21218. 22408. 23598. 24788. 25978. 27168. 28358.]
 [18167. 19427. 20687. 21947. 23207. 24467. 25727. 26987. 28247. 29507.]
 [18686. 20018. 21350. 22682. 24014. 25346. 26678. 28010. 29342. 30674.]
 [19205. 20611. 22017. 23423. 24829. 26235. 27641. 29047. 30453. 31859.]
 [19724. 21206. 22688. 24170. 25652. 27134. 28616. 30098. 31580. 33062.]
 [20243. 21803. 23363. 24923. 26483. 28043. 29603. 31163. 32723. 34283.]
 [20762. 22402. 24042. 25682. 27322. 28962. 30602. 32242. 33882. 35522.]
 [21281. 23003. 24725. 26447. 28169. 29891. 31613. 33335. 35057. 36779.]
 [21800. 23606. 25412. 27218. 29024. 30830. 32636. 34442. 36248. 38054.]
 [22319. 24211. 26103. 27995. 29887. 31779. 33671. 35563. 37455. 39347.]
 [22838. 24818. 26798. 28778. 30758. 32738. 34718. 36698. 38678. 40658.]
 [23357. 25427. 27497. 29567. 31637. 33707. 35777. 37847. 39917. 41987.]
 [23876. 26038. 28200. 30362. 32524. 34686. 36848. 39010. 41172. 43334.]
 [24395. 26651. 28907. 31163. 33419. 35675. 37931. 40187. 42443. 44699.]
 [24914. 27266. 29618. 31970. 34322. 36674. 39026. 41378. 43730. 46082.]
 [25433. 27883. 30333. 32783. 35233. 37683. 40133. 42583. 45033. 47483.]
 [25952. 28502. 31052. 33602. 36152. 38702. 41252. 43802. 46352. 48902.]
 [26471. 29123. 31775. 34427. 37079. 39731. 42383. 45035. 47687. 50339.]
 [26990. 29746. 32502. 35258. 38014. 40770. 43526. 46282. 49038. 51794.]
 [27509. 30371. 33233. 36095. 38957. 41819. 44681. 47543. 50405. 53267.]
 [28028. 30998. 33968. 36938. 39908. 42878. 45848. 48818. 51788. 54758.]
 [28547. 31627. 34707. 37787. 40867. 43947. 47027. 50107. 53187. 56267.]
 [29066. 32258. 35450. 38642. 41834. 45026. 48218. 51410. 54602. 57794.]
 [29585. 32891. 36197. 39503. 42809. 46115. 49421. 52727. 56033. 59339.]
 [30104. 33526. 36948. 40370. 43792. 47214. 50636. 54058. 57480. 60902.]
 [30623. 34163. 37703. 41243. 44783. 48323. 51863. 55403. 58943. 62483.]
 [31142. 34802. 38462. 42122. 45782. 49442. 53102. 56762. 60422. 64082.]
 [31661. 35443. 39225. 43007. 46789. 50571. 54353. 58135. 61917. 65699.]
 [32180. 36086. 39992. 43898. 47804. 51710. 55616. 59522. 63428. 67334.]
 [32699. 36731. 40763. 44795. 48827. 52859. 56891. 60923. 64955. 68987.]
 [33218. 37378. 41538. 45698. 49858. 54018. 58178. 62338. 66498. 70658.]]